00 13 613
00 15 552
00 16 085
00 17 086
00 20 247
00 21 562
00 23 394
00 24 089
00 24 900
00 24 973
00 25 364
00 26 152
00 27 178
00 27 422
00 27 889
00 28 684
00 29 141
00 29 675
00 30 027
00 30 420
00 30 974
00 31 200
00 32 531
00 33 104
00 33 738
00 34 216
00 34 763
00 35 000
00 35 473
00 37 284
00 37 520
00 37 605
00 38 151
00 38 541
00 38 796
00 39 168
00 40 031
00 40 514
00 41 410
00 42 042
00 43 041
00 43 934
00 44 566
00 44 898
00 45 107
00 45 573
00 46 047
00 46 520
00 47 152
00 48 093
00 49 001
00 50 142
00 50 631
00 51 111
00 51 567
00 52 199
00 52 679
00 53 105
00 53 625
00 54 050
00 54 682
00 55 178
00 55 673
00 56 157
00 56 581
00 57 208
00 58 200
00 59 146
01 00 272
01 00 694
01 00 879
01 01 140
01 01 456
01 01 946
01 02 947
01 04 521
01 04 820
01 05 141
01 05 452
01 05 768
01 06 079
01 06 395
01 06 710
01 07 036
01 07 347
01 07 668
01 07 979
01 08 299
01 08 610
01 08 926
01 09 246
01 09 557
01 09 878
01 10 194
01 10 500
01 10 820
01 11 131
01 11 447
01 11 768
01 12 089
01 12 404
01 12 720
01 13 036
01 13 347
01 13 662
01 13 978
01 14 294
01 14 559
01 14 942
01 15 247
01 15 568
01 15 878
01 16 194
01 16 504
01 16 679
01 17 147
01 17 458
01 17 768
01 18 089
01 18 404
01 18 726
01 19 037
01 19 205
01 19 673
01 19 984
01 20 294
01 20 616
01 20 930
01 21 247
01 21 557
01 21 731
01 22 194
01 22 515
01 22 825
01 23 142
01 23 457
01 23 778
01 24 089
01 24 257
01 24 671
01 25 200
01 25 836
01 25 999
01 26 463
01 26 789
01 27 247
01 27 725
01 28 515
01 28 983
01 29 304
01 29 784
01 31 525
01 31 842
01 32 311
01 32 790
01 33 415
01 33 568
01 34 046
01 34 199
01 34 449
01 34 673
01 36 550
01 36 880
01 37 052
01 37 183
01 39 093
01 41 157
01 41 625
01 41 929
01 43 041
01 44 748