00 00 096
00 00 624
00 01 313
00 01 725
00 02 281
00 03 124
00 03 379
00 03 972
00 04 656
00 05 063
00 05 614
00 06 447
00 07 306
00 07 990
00 08 373
00 09 786
00 11 323
00 11 725
00 13 382
00 14 652
00 15 058
00 15 624
00 16 467
00 16 749
00 17 300
00 17 995
00 18 402
00 18 962
00 20 041
00 20 639
00 21 328
00 21 756
00 23 119
00 23 392
00 23 978
00 24 656
00 25 045
00 25 639
00 26 462
00 26 729
00 27 306
00 27 970
00 29 376
00 30 640
00 31 187
00 32 709
00 33 867
00 35 059
00 35 394
00 36 043
00 37 285
00 38 797
00 39 365
00 40 068
00 40 639
00 41 298
00 43 972
00 44 637
00 47 318
00 48 249
00 48 729
00 49 376
00 50 619
00 52 714
00 55 089
00 56 043
00 57 421
00 58 012
00 59 376
01 00 534
01 01 037
01 01 745
01 02 061
01 02 892
01 03 412
01 04 390
01 05 085
01 05 623
01 06 047
01 07 306
01 08 422
01 09 376
01 10 640
01 11 304
01 12 833
01 14 703
01 16 165
01 16 750
01 17 984
01 18 687
01 19 497
01 20 639
01 21 735
01 23 119
01 23 380
01 23 973
01 24 662
01 25 092
01 25 624
01 26 443
01 27 301
01 28 397
01 29 780
01 30 639
01 31 334
01 31 759
01 32 281
01 32 990
01 33 371
01 35 084
01 36 462
01 36 750
01 37 312
01 38 000
01 38 967
01 39 790
01 40 139
01 41 467
01 41 725
01 42 301
01 43 396
01 43 979
01 44 667
01 45 639
01 46 462
01 46 744
01 47 301
01 48 392
01 49 795
01 50 082
01 50 634
01 51 328
01 51 759
01 52 290
01 53 129
01 53 390
01 53 973
01 55 090