00 09 678
00 10 283
00 10 883
00 11 155
00 11 483
00 11 760
00 12 067
00 12 677
00 13 288
00 13 588
00 14 182
00 14 495
00 15 100
00 15 677
00 15 982
00 16 294
00 16 562
00 18 083
00 18 688
00 19 882
00 20 304
00 20 482
00 20 755
00 21 359
00 21 671
00 22 276
00 22 726
00 23 187
00 23 765
00 24 100
00 24 701
00 25 116
00 25 566
00 26 156
00 27 120
00 27 693
00 28 559
00 29 899
00 30 081
00 30 348
00 30 681
00 30 954
00 31 265
00 31 876
00 32 323
00 32 778
00 33 380
00 33 719
00 34 325
00 34 745
00 35 199
00 35 806
00 36 120
00 36 720
00 37 347
00 37 953
00 38 229
00 39 160
00 39 582
00 39 766
00 40 035
00 40 372
00 40 651
00 40 961
00 41 572
00 42 020
00 42 474
00 43 076
00 43 415
00 44 026
00 44 452
00 44 901
00 45 502
00 45 816
00 46 416
00 47 038
00 48 851
00 49 457
00 50 214
00 50 507
00 51 448
00 51 751
00 52 054
00 52 963
00 55 376
00 56 291
00 56 897
00 57 032
00 57 801
01 00 230
01 01 144
01 01 447
01 01 750
01 02 654
01 05 078
01 06 593
01 06 733
01 07 491
01 10 129
01 12 193
01 12 495
01 13 358
01 14 568
01 14 899
01 15 784
01 16 383
01 16 996
01 17 328
01 18 203
01 18 808
01 19 420
01 19 716
01 20 666
01 21 888
01 22 186
01 24 302
01 24 616
01 26 731
01 27 028
01 30 373
01 31 584
01 31 887
01 33 998
01 34 313
01 35 215
01 36 439
01 36 729
01 40 069
01 41 281
01 41 583
01 42 505
01 43 694
01 44 008
01 44 929
01 46 129
01 46 425